Layer-wise parameters: 
[('conv1_1', (64, 3, 3, 3)),
 ('conv1_2', (64, 64, 3, 3)),
 ('conv2_1', (128, 64, 3, 3)),
 ('conv2_2', (128, 128, 3, 3)),
 ('conv3_1', (256, 128, 3, 3)),
 ('conv3_2', (256, 256, 3, 3)),
 ('conv3_3', (256, 256, 3, 3)),
 ('conv4_1', (512, 256, 3, 3)),
 ('conv4_2', (512, 512, 3, 3)),
 ('conv4_3', (512, 512, 3, 3)),
 ('conv5_1', (512, 512, 3, 3)),
 ('conv5_2', (512, 512, 3, 3)),
 ('conv5_3', (512, 512, 3, 3)),
 ('conv5_fuse', (512, 1536, 3, 3)),
 ('score-dsn5', (1, 512, 1, 1)),
 ('upsample_16', (1, 1, 32, 32)),
 ('c5_f_up2', (512, 512, 4, 4)),
 ('conv4_fuse', (512, 2048, 3, 3)),
 ('score-dsn4', (1, 512, 1, 1)),
 ('upsample_8', (1, 1, 16, 16)),
 ('c4_f_up2', (512, 512, 4, 4)),
 ('conv3_fuse', (256, 1280, 3, 3)),
 ('score-dsn3', (1, 256, 1, 1)),
 ('upsample_4', (1, 1, 8, 8)),
 ('c3_f_up2', (256, 256, 4, 4)),
 ('conv2_fuse', (128, 512, 3, 3)),
 ('score-dsn2', (1, 128, 1, 1)),
 ('upsample_2', (1, 1, 4, 4)),
 ('c2_f_up2', (128, 128, 4, 4)),
 ('conv1_fuse', (96, 256, 3, 3)),
 ('score-dsn1', (1, 96, 1, 1)),
 ('new-score-weighting', (1, 5, 1, 1))]
Total number of parameters: 44687861
